9
10
11
25
26
42
44
45
49
50
61
63
70
77
83
84
87
91
94
110
111
125
130
136
137
150
165
167
181
183
193
194
209
215
234
242
246
250
254
261
267
270
272
294
306
308
312
336
348
351
356
359
362
366
376
378
383
385
387
396
406
429
434
440
469
489
496
497
498
509
510
511
512
515
518
530
532
549
550
556
557
558
566
568
575
588
591
592
598
609
614
615
617
620
635
656
662
671
682
687
692
703
739
741
779
788
802
808
813
829
831
841
846
847
849
851
862
866
874
879
883
885
933
959
974
976
981
984
987
988
990
991
992
996
998
1000
1002
1006
1007
1013
1014
1015
1016
1017
1018
1021
1022
1023
1024
1026
1027
1031
1034
1051
1055
1135
1703
1705
1707
1708
1709
1710
1711
1712
1713
1717
1718
1719
1721
1722
1724
1725
1726
1727
1731
1765
1767
1777
1781
1784
1821
1828
1858
1913
1966
1975
1977
1978
1979
1980
1981
1982
1985
1987
1994
1995
1996
1998
1999
2004
2006
2008
2009
2010
2011
2015
2016
2018
2027
2165
2166
2167
2171
2172
2173
2177
2178
2184
2188
2197
2200
2211
2212
2214
2221
2367
2373
2377
2381
2382
2384
2386
2387
2389
2393
2394
2399
2411
2416
2417
2419
2421
2422
2423
2426
2427
2429
2431
2433
2439
2444
2448
2450
2456
2459
2477
2506
2510
2745
2746
2747
2748
2749
2750
2751
2753
2754
2755
2756
2757
2758
2759
2760
2761
2762
2763
2767
2768
2769
2770
2772
2774
2775
2776
2777
2778
2779
2780
2782
2789
2790
2792
2793
2794
2795
2797
2798
2799
2801
2802
2805
2806
2807
2810
2816
2817
2819
2821
2827
2832
2834
2850
2866
2873
2981
2982
2983
2984
2986
2987
2990
2991
2992
2994
2995
2996
2997
2998
3000
3002
3003
3004
3005
3006
3008
3010
3012
3015
3016
3018
3019
3020
3023
3024
3025
3026
3027
3028
3029
3030
3031
3032
3033
3037
3038
3039
3040
3041
3045
3046
3048
3053
3055
3058
3081
3105
3160
3179
3187
3188
3190
3191
3192
3193
3194
3195
3196
3197
3198
3199
3200
3201
3202
3204
3205
3206
3207
3209
3211
3213
3214
3217
3219
3220
3223
3224
3225
3227
3229
3231
3232
3233
3235
3237
3238
3239
3240
3241
3242
3243
3244
3245
3246
3247
3249
3251
3252
3255
3256
3263
3273
3276
3277
3278
3290
3402
3410
3411
3412
3413
3414
3415
3416
3417
3418
3419
3420
3421
3422
3423
3425
3426
3428
3429
3431
3432
3433
3436
3437
3438
3439
3440
3441
3442
3444
3445
3447
3448
3449
3450
3451
3452
3453
3455
3456
3457
3458
3459
3460
3461
3462
3464
3466
3467
3468
3469
3472
3474
3475
3477
3478
3554
3837
3838
3882
3930
3962
3963
3964
3965
3966
3967
3968
3969
3970
3971
3972
3973
3974
3975
3976
3977
3978
3979
3981
3983
3984
3985
3986
3988
3989
3990
3991
3992
3993
3994
3995
3996
3997
3998
3999
4000
4001
4003
4004
4005
4008
4010
4011
4012
4014
4015
4016
4017
4019
4020
4021
4023
4024
4025
4027
4032
4035
4165
4179
4182
4205
4218
4224
4226
4229
4231
4232
4235
4236
4237
4238
4239
4240
4241
4242
4243
4244
4246
4247
4248
4249
4250
4251
4252
4253
4254
4256
4257
4258
4259
4260
4261
4262
4263
4264
4265
4266
4267
4268
4270
4272
4274
4276
4277
4278
4279
4280
4281
4282
4283
4285
4286
4289
4290
4291
4292
4294
4295
4296
4298
4299
4300
4302
4303
4304
4305
4311
4312
4320
4325
4327
4329
4335
4360
4385
4400
6156
6424
6425
6427
6428
6429
6430
6431
6433
6434
6435
6436
6438
6439
6440
6441
6442
6443
6444
6445
6446
6447
6448
6449
6450
6451
6452
6453
6454
6455
6460
6461
6462
6463
6464
6466
6467
6468
6469
6470
6471
6472
6473
6474
6475
6476
6477
6478
6479
6480
6481
6483
6484
6485
6490
6497
6499
6501
6502
6503
6511
6518
6523
6526
6527
6528
6530
6534
6541
6543
6544
6546
6555
6558
6569
6574
6576
6578
6579
6580
6581
6582
6583
6585
6586
6587
6588
6589
6590
6591
6592
6593
6594
6595
6596
6597
6598
6599
6601
6602
6603
6604
6605
6606
6607
6608
6609
6610
6611
6612
6613
6614
6615
6616
6617
6618
6619
6620
6622
6623
6624
6625
6626
6628
6629
6630
6631
6633
6634
6635
6636
6637
6638
6639
6641
6644
6647
6656
6657
6663
6666
2202117
2284101
2308999
2325490
2325975
2326015
2326257
2326307
2326389
2326411
2326434
2327107
2327449
2328418
2333797
2488651
2488653
2488660
2488706
2488749
2488958
2489010
2489021
2489530
2489563
2489660
2489663
2489716
2489785
2490089
2490144
2490149
2490589
2490620
2491079
2527963
2528210
2528353
2528356
2528447
2528779
2528787
2530596
2530722
2531039
2531185
2531210
2534781
2578213
2579258
2579260
2580913
2581018
2583664
2585616
2585629
2594922
2595274
2596107
2596108
2596158
2959736
2959745
2968439
2991143
2991235
2991280
2991281
2991473
2993875
3032976
3032977
3032979
3046453
3047256
